actions: torch.Size([256, 10, 32])
actions: tensor([[[ 0.0075,  0.0969,  0.1938,  ..., -1.0000, -1.0000, -1.0000],
         [ 0.0075,  0.0969,  0.1938,  ..., -1.0000, -1.0000, -1.0000],
         [ 0.0075,  0.0969,  0.1938,  ..., -1.0000, -1.0000, -1.0000],
         ...,
         [ 0.0075,  0.0969,  0.1938,  ..., -1.0000, -1.0000, -1.0000],
         [ 0.0075,  0.0977,  0.1938,  ..., -1.0000, -1.0000, -1.0000],
         [ 0.0075,  0.0977,  0.1938,  ..., -1.0000, -1.0000, -1.0000]],

        [[ 0.0075,  0.0969,  0.1938,  ..., -1.0000, -1.0000, -1.0000],
         [ 0.0075,  0.0969,  0.1938,  ..., -1.0000, -1.0000, -1.0000],
         [ 0.0075,  0.0969,  0.1938,  ..., -1.0000, -1.0000, -1.0000],
         ...,
         [ 0.0075,  0.0969,  0.1938,  ..., -1.0000, -1.0000, -1.0000],
         [ 0.0075,  0.0969,  0.1938,  ..., -1.0000, -1.0000, -1.0000],
         [ 0.0075,  0.0969,  0.1938,  ..., -1.0000, -1.0000, -1.0000]],

        [[ 0.0066, -0.0087,  0.1304,  ..., -1.0000, -1.0000, -1.0000],
         [ 0.0066, -0.0481,  0.1150,  ..., -1.0000, -1.0000, -1.0000],
         [ 0.0066, -0.0481,  0.1150,  ..., -1.0000, -1.0000, -1.0000],
         ...,
         [ 0.0066, -0.0481,  0.1150,  ..., -1.0000, -1.0000, -1.0000],
         [ 0.0066, -0.0481,  0.1150,  ..., -1.0000, -1.0000, -1.0000],
         [ 0.0066, -0.0481,  0.1150,  ..., -1.0000, -1.0000, -1.0000]],

        ...,

        [[-0.0671,  0.0682,  0.1179,  ..., -1.0000, -1.0000, -1.0000],
         [-0.0743,  0.1136,  0.1491,  ..., -1.0000, -1.0000, -1.0000],
         [-0.0793,  0.1416,  0.1611,  ..., -1.0000, -1.0000, -1.0000],
         ...,
         [-0.1023,  0.1790,  0.1881,  ..., -1.0000, -1.0000, -1.0000],
         [-0.1037,  0.1429,  0.1881,  ..., -1.0000, -1.0000, -1.0000],
         [-0.1027,  0.0198,  0.1881,  ..., -1.0000, -1.0000, -1.0000]],

        [[-0.0285,  0.0949,  0.3131,  ..., -1.0000, -1.0000, -1.0000],
         [-0.0690,  0.0945,  0.4278,  ..., -1.0000, -1.0000, -1.0000],
         [-0.1365,  0.0933,  0.5597,  ..., -1.0000, -1.0000, -1.0000],
         ...,
         [-0.6539,  0.0776,  0.7121,  ..., -1.0000, -1.0000, -1.0000],
         [-0.7997,  0.0780,  0.7116,  ..., -1.0000, -1.0000, -1.0000],
         [-0.9328,  0.0791,  0.7116,  ..., -1.0000, -1.0000, -1.0000]],

        [[ 0.0075,  0.0969,  0.1938,  ..., -1.0000, -1.0000, -1.0000],
         [ 0.0075,  0.0969,  0.1938,  ..., -1.0000, -1.0000, -1.0000],
         [ 0.0075,  0.0969,  0.1938,  ..., -1.0000, -1.0000, -1.0000],
         ...,
         [ 0.0075,  0.0969,  0.1938,  ..., -1.0000, -1.0000, -1.0000],
         [ 0.0075,  0.0969,  0.1938,  ..., -1.0000, -1.0000, -1.0000],
         [ 0.0075,  0.0969,  0.1938,  ..., -1.0000, -1.0000, -1.0000]]],
       device='cuda:0')
actions: torch.Size([256, 10, 32])
actions: torch.Size([256, 10, 32])
actions: tensor([[[ 0.0075,  0.0969,  0.1938,  ..., -1.0000, -1.0000, -1.0000],
         [ 0.0075,  0.0969,  0.1938,  ..., -1.0000, -1.0000, -1.0000],
         [ 0.0075,  0.0969,  0.1938,  ..., -1.0000, -1.0000, -1.0000],
         ...,
         [ 0.0075,  0.0969,  0.1938,  ..., -1.0000, -1.0000, -1.0000],
         [ 0.0075,  0.0969,  0.1938,  ..., -1.0000, -1.0000, -1.0000],
         [ 0.0075,  0.0969,  0.1938,  ..., -1.0000, -1.0000, -1.0000]],

        [[ 0.0075,  0.0969,  0.1938,  ..., -1.0000, -1.0000, -1.0000],
         [ 0.0075,  0.0969,  0.1938,  ..., -1.0000, -1.0000, -1.0000],
         [ 0.0075,  0.0969,  0.1938,  ..., -1.0000, -1.0000, -1.0000],
         ...,
         [ 0.0075,  0.0980,  0.1926,  ..., -1.0000, -1.0000, -1.0000],
         [ 0.0075,  0.0980,  0.1926,  ..., -1.0000, -1.0000, -1.0000],
         [ 0.0075,  0.0980,  0.1926,  ..., -1.0000, -1.0000, -1.0000]],

        [[ 0.0075,  0.0969,  0.1938,  ..., -1.0000, -1.0000, -1.0000],
         [ 0.0075,  0.0969,  0.1938,  ..., -1.0000, -1.0000, -1.0000],
         [ 0.0075,  0.0969,  0.1938,  ..., -1.0000, -1.0000, -1.0000],
         ...,
         [ 0.0075,  0.0969,  0.1938,  ..., -1.0000, -1.0000, -1.0000],
         [ 0.0075,  0.0969,  0.1938,  ..., -1.0000, -1.0000, -1.0000],
         [ 0.0075,  0.0969,  0.1938,  ..., -1.0000, -1.0000, -1.0000]],

        ...,

        [[ 0.0075,  0.0969,  0.1938,  ..., -1.0000, -1.0000, -1.0000],
         [ 0.0075,  0.0969,  0.1938,  ..., -1.0000, -1.0000, -1.0000],
         [ 0.0075,  0.0969,  0.1938,  ..., -1.0000, -1.0000, -1.0000],
         ...,
         [ 0.0075,  0.0969,  0.1938,  ..., -1.0000, -1.0000, -1.0000],
         [ 0.0075,  0.0969,  0.1938,  ..., -1.0000, -1.0000, -1.0000],
         [ 0.0075,  0.0969,  0.1938,  ..., -1.0000, -1.0000, -1.0000]],

        [[-0.0394, -0.0021,  0.0654,  ..., -1.0000, -1.0000, -1.0000],
         [-0.0404, -0.0026,  0.0656,  ..., -1.0000, -1.0000, -1.0000],
         [-0.0394, -0.0026,  0.0660,  ..., -1.0000, -1.0000, -1.0000],
         ...,
         [-0.0404, -0.0026,  0.0660,  ..., -1.0000, -1.0000, -1.0000],
         [-0.0404, -0.0026,  0.0659,  ..., -1.0000, -1.0000, -1.0000],
         [-0.0394, -0.0026,  0.0660,  ..., -1.0000, -1.0000, -1.0000]],

        [[ 0.2084, -0.0480,  0.0120,  ..., -1.0000, -1.0000, -1.0000],
         [ 0.4204, -0.0898, -0.0153,  ..., -1.0000, -1.0000, -1.0000],
         [ 0.6185, -0.1367, -0.0382,  ..., -1.0000, -1.0000, -1.0000],
         ...,
         [ 1.0805, -0.1925, -0.2284,  ..., -1.0000, -1.0000, -1.0000],
         [ 1.0798, -0.1894, -0.2290,  ..., -1.0000, -1.0000, -1.0000],
         [ 1.0798, -0.1927, -0.2290,  ..., -1.0000, -1.0000, -1.0000]]],
       device='cuda:1')
actions: torch.Size([256, 10, 32])
actions: torch.Size([256, 10, 32])
actions: tensor([[[-0.0404, -0.0026,  0.0660,  ..., -1.0000, -1.0000, -1.0000],
         [-0.0397, -0.0026,  0.0656,  ..., -1.0000, -1.0000, -1.0000],
         [-0.0394, -0.0026,  0.0654,  ..., -1.0000, -1.0000, -1.0000],
         ...,
         [-0.0394, -0.0026,  0.0654,  ..., -1.0000, -1.0000, -1.0000],
         [-0.0383, -0.0026,  0.0659,  ..., -1.0000, -1.0000, -1.0000],
         [-0.0383, -0.0026,  0.0660,  ..., -1.0000, -1.0000, -1.0000]],

        [[ 0.0075,  0.0969,  0.1938,  ..., -1.0000, -1.0000, -1.0000],
         [ 0.0075,  0.0969,  0.1938,  ..., -1.0000, -1.0000, -1.0000],
         [ 0.0075,  0.0969,  0.1938,  ..., -1.0000, -1.0000, -1.0000],
         ...,
         [ 0.0075,  0.0969,  0.1938,  ..., -1.0000, -1.0000, -1.0000],
         [ 0.0075,  0.0969,  0.1938,  ..., -1.0000, -1.0000, -1.0000],
         [ 0.0075,  0.0969,  0.1938,  ..., -1.0000, -1.0000, -1.0000]],

        [[-0.0313, -0.0166,  0.0654,  ..., -1.0000, -1.0000, -1.0000],
         [-0.0391, -0.0633,  0.0654,  ..., -1.0000, -1.0000, -1.0000],
         [-0.0504, -0.1264,  0.0650,  ..., -1.0000, -1.0000, -1.0000],
         ...,
         [-0.0600, -0.4156,  0.0703,  ..., -1.0000, -1.0000, -1.0000],
         [-0.0779, -0.4571,  0.0703,  ..., -1.0000, -1.0000, -1.0000],
         [-0.0996, -0.4918,  0.0690,  ..., -1.0000, -1.0000, -1.0000]],

        ...,

        [[ 0.0075,  0.0969,  0.1938,  ..., -1.0000, -1.0000, -1.0000],
         [ 0.0075,  0.0969,  0.1938,  ..., -1.0000, -1.0000, -1.0000],
         [ 0.0075,  0.0969,  0.1938,  ..., -1.0000, -1.0000, -1.0000],
         ...,
         [ 0.0075,  0.0969,  0.1938,  ..., -1.0000, -1.0000, -1.0000],
         [ 0.0075,  0.0969,  0.1938,  ..., -1.0000, -1.0000, -1.0000],
         [ 0.0075,  0.0969,  0.1938,  ..., -1.0000, -1.0000, -1.0000]],

        [[-0.0159,  0.1575,  0.2497,  ..., -1.0000, -1.0000, -1.0000],
         [-0.0447,  0.2005,  0.2783,  ..., -1.0000, -1.0000, -1.0000],
         [-0.0807,  0.2714,  0.3119,  ..., -1.0000, -1.0000, -1.0000],
         ...,
         [-0.0870,  0.5467,  0.3342,  ..., -1.0000, -1.0000, -1.0000],
         [-0.0879,  0.6113,  0.3342,  ..., -1.0000, -1.0000, -1.0000],
         [-0.0879,  0.6499,  0.3342,  ..., -1.0000, -1.0000, -1.0000]],

        [[-0.0383, -0.0124,  0.0619,  ..., -1.0000, -1.0000, -1.0000],
         [-0.0383, -0.0104,  0.0292,  ..., -1.0000, -1.0000, -1.0000],
         [-0.0383, -0.0099, -0.0286,  ..., -1.0000, -1.0000, -1.0000],
         ...,
         [-0.0282, -0.0104, -0.1038,  ..., -1.0000, -1.0000, -1.0000],
         [ 0.0399, -0.0104, -0.1038,  ..., -1.0000, -1.0000, -1.0000],
         [ 0.1184, -0.0104, -0.1038,  ..., -1.0000, -1.0000, -1.0000]]],
       device='cuda:5')
actions: torch.Size([256, 10, 32])
actions: torch.Size([256, 10, 32])
actions: tensor([[[-0.0888,  0.1032,  0.2566,  ..., -1.0000, -1.0000, -1.0000],
         [-0.2012,  0.1276,  0.3319,  ..., -1.0000, -1.0000, -1.0000],
         [-0.3200,  0.1622,  0.4050,  ..., -1.0000, -1.0000, -1.0000],
         ...,
         [-0.8356,  0.5400,  0.8292,  ..., -1.0000, -1.0000, -1.0000],
         [-0.8743,  0.6432,  0.9102,  ..., -1.0000, -1.0000, -1.0000],
         [-0.8977,  0.7460,  0.9901,  ..., -1.0000, -1.0000, -1.0000]],

        [[ 0.0075,  0.0969,  0.1938,  ..., -1.0000, -1.0000, -1.0000],
         [ 0.0075,  0.0969,  0.1938,  ..., -1.0000, -1.0000, -1.0000],
         [ 0.0075,  0.0969,  0.1938,  ..., -1.0000, -1.0000, -1.0000],
         ...,
         [ 0.0075,  0.0969,  0.1943,  ..., -1.0000, -1.0000, -1.0000],
         [ 0.0075,  0.0969,  0.1943,  ..., -1.0000, -1.0000, -1.0000],
         [ 0.0075,  0.0969,  0.1943,  ..., -1.0000, -1.0000, -1.0000]],

        [[ 0.0075,  0.0969,  0.1938,  ..., -1.0000, -1.0000, -1.0000],
         [ 0.0075,  0.0969,  0.1938,  ..., -1.0000, -1.0000, -1.0000],
         [ 0.0075,  0.0969,  0.1938,  ..., -1.0000, -1.0000, -1.0000],
         ...,
         [ 0.0075,  0.0969,  0.1938,  ..., -1.0000, -1.0000, -1.0000],
         [ 0.0075,  0.0969,  0.1938,  ..., -1.0000, -1.0000, -1.0000],
         [ 0.0075,  0.0969,  0.1938,  ..., -1.0000, -1.0000, -1.0000]],

        ...,

        [[-0.1795,  0.1010,  0.1786,  ..., -1.0000, -1.0000, -1.0000],
         [-0.3242,  0.1946,  0.2992,  ..., -1.0000, -1.0000, -1.0000],
         [-0.4018,  0.2669,  0.3664,  ..., -1.0000, -1.0000, -1.0000],
         ...,
         [-0.4635,  0.6125,  0.4435,  ..., -1.0000, -1.0000, -1.0000],
         [-0.4671,  0.6733,  0.4527,  ..., -1.0000, -1.0000, -1.0000],
         [-0.4692,  0.7220,  0.4629,  ..., -1.0000, -1.0000, -1.0000]],

        [[-0.0404, -0.0026,  0.0654,  ..., -1.0000, -1.0000, -1.0000],
         [-0.0404, -0.0026,  0.0654,  ..., -1.0000, -1.0000, -1.0000],
         [-0.0404, -0.0026,  0.0654,  ..., -1.0000, -1.0000, -1.0000],
         ...,
         [-0.0404, -0.0031,  0.0656,  ..., -1.0000, -1.0000, -1.0000],
         [-0.0404, -0.0031,  0.0654,  ..., -1.0000, -1.0000, -1.0000],
         [-0.0404, -0.0031,  0.0654,  ..., -1.0000, -1.0000, -1.0000]],

        [[-0.0384, -0.0021,  0.0654,  ..., -1.0000, -1.0000, -1.0000],
         [-0.0383, -0.0021,  0.0654,  ..., -1.0000, -1.0000, -1.0000],
         [-0.0377, -0.0021,  0.0654,  ..., -1.0000, -1.0000, -1.0000],
         ...,
         [-0.0529, -0.0016,  0.0684,  ..., -1.0000, -1.0000, -1.0000],
         [-0.0576, -0.0020,  0.0684,  ..., -1.0000, -1.0000, -1.0000],
         [-0.0591, -0.0021,  0.0684,  ..., -1.0000, -1.0000, -1.0000]]],
       device='cuda:3')
actions: torch.Size([256, 10, 32])
actions: torch.Size([256, 10, 32])
actions: tensor([[[-2.0374e-02,  1.0210e-02,  1.9376e-01,  ..., -1.0000e+00,
          -1.0000e+00, -1.0000e+00],
         [-6.2669e-02, -8.1169e-02,  1.9376e-01,  ..., -1.0000e+00,
          -1.0000e+00, -1.0000e+00],
         [-1.0406e-01, -1.6664e-01,  1.9376e-01,  ..., -1.0000e+00,
          -1.0000e+00, -1.0000e+00],
         ...,
         [-4.6940e-01, -6.8341e-01,  1.9376e-01,  ..., -1.0000e+00,
          -1.0000e+00, -1.0000e+00],
         [-5.7649e-01, -7.7991e-01,  1.9433e-01,  ..., -1.0000e+00,
          -1.0000e+00, -1.0000e+00],
         [-6.6828e-01, -8.5553e-01,  1.9433e-01,  ..., -1.0000e+00,
          -1.0000e+00, -1.0000e+00]],

        [[ 4.8220e-03,  1.2759e-01,  1.9433e-01,  ..., -1.0000e+00,
          -1.0000e+00, -1.0000e+00],
         [ 3.2270e-04,  1.5398e-01,  1.9490e-01,  ..., -1.0000e+00,
          -1.0000e+00, -1.0000e+00],
         [-5.9762e-03,  1.6658e-01,  1.9605e-01,  ..., -1.0000e+00,
          -1.0000e+00, -1.0000e+00],
         ...,
         [ 3.2270e-04,  1.7682e-01,  1.9890e-01,  ..., -1.0000e+00,
          -1.0000e+00, -1.0000e+00],
         [ 1.2226e-03,  1.7800e-01,  1.9890e-01,  ..., -1.0000e+00,
          -1.0000e+00, -1.0000e+00],
         [ 1.2226e-03,  1.7800e-01,  2.0061e-01,  ..., -1.0000e+00,
          -1.0000e+00, -1.0000e+00]],

        [[ 7.5215e-03,  9.6864e-02,  1.9376e-01,  ..., -1.0000e+00,
          -1.0000e+00, -1.0000e+00],
         [ 7.5215e-03,  9.6864e-02,  1.9376e-01,  ..., -1.0000e+00,
          -1.0000e+00, -1.0000e+00],
         [ 7.5215e-03,  9.6864e-02,  1.9376e-01,  ..., -1.0000e+00,
          -1.0000e+00, -1.0000e+00],
         ...,
         [-1.2275e-02,  9.6864e-02,  1.9376e-01,  ..., -1.0000e+00,
          -1.0000e+00, -1.0000e+00],
         [-4.6472e-02,  9.6864e-02,  1.9376e-01,  ..., -1.0000e+00,
          -1.0000e+00, -1.0000e+00],
         [-7.8866e-02,  9.6864e-02,  1.9376e-01,  ..., -1.0000e+00,
          -1.0000e+00, -1.0000e+00]],

        ...,

        [[ 7.5215e-03,  9.6864e-02,  1.9376e-01,  ..., -1.0000e+00,
          -1.0000e+00, -1.0000e+00],
         [ 7.5215e-03,  9.6864e-02,  1.9376e-01,  ..., -1.0000e+00,
          -1.0000e+00, -1.0000e+00],
         [ 7.5215e-03,  9.6864e-02,  1.9376e-01,  ..., -1.0000e+00,
          -1.0000e+00, -1.0000e+00],
         ...,
         [ 7.5215e-03,  9.6864e-02,  1.9376e-01,  ..., -1.0000e+00,
          -1.0000e+00, -1.0000e+00],
         [ 7.5215e-03,  9.6864e-02,  1.9376e-01,  ..., -1.0000e+00,
          -1.0000e+00, -1.0000e+00],
         [ 7.5215e-03,  9.6864e-02,  1.9376e-01,  ..., -1.0000e+00,
          -1.0000e+00, -1.0000e+00]],

        [[ 7.5215e-03,  9.6864e-02,  1.9376e-01,  ..., -1.0000e+00,
          -1.0000e+00, -1.0000e+00],
         [ 7.5215e-03,  9.6864e-02,  1.9376e-01,  ..., -1.0000e+00,
          -1.0000e+00, -1.0000e+00],
         [ 7.5215e-03,  9.6864e-02,  1.9376e-01,  ..., -1.0000e+00,
          -1.0000e+00, -1.0000e+00],
         ...,
         [ 7.5215e-03,  9.6864e-02,  1.9376e-01,  ..., -1.0000e+00,
          -1.0000e+00, -1.0000e+00],
         [ 7.5215e-03,  9.6864e-02,  1.9376e-01,  ..., -1.0000e+00,
          -1.0000e+00, -1.0000e+00],
         [ 7.5215e-03,  9.6864e-02,  1.9376e-01,  ..., -1.0000e+00,
          -1.0000e+00, -1.0000e+00]],

        [[-4.0410e-02, -2.5700e-03,  6.5371e-02,  ..., -1.0000e+00,
          -1.0000e+00, -1.0000e+00],
         [-4.0410e-02, -2.5700e-03,  6.5371e-02,  ..., -1.0000e+00,
          -1.0000e+00, -1.0000e+00],
         [-4.0410e-02, -2.5700e-03,  6.5371e-02,  ..., -1.0000e+00,
          -1.0000e+00, -1.0000e+00],
         ...,
         [ 6.6722e-01, -2.7412e-03,  6.5371e-02,  ..., -1.0000e+00,
          -1.0000e+00, -1.0000e+00],
         [ 9.1889e-01, -3.0563e-03,  6.5371e-02,  ..., -1.0000e+00,
          -1.0000e+00, -1.0000e+00],
         [ 1.1224e+00, -3.0563e-03,  6.5371e-02,  ..., -1.0000e+00,
          -1.0000e+00, -1.0000e+00]]], device='cuda:2')
actions: torch.Size([256, 10, 32])
actions: torch.Size([256, 10, 32])
actions: tensor([[[ 0.0075,  0.0969,  0.1938,  ..., -1.0000, -1.0000, -1.0000],
         [ 0.0075,  0.0969,  0.1938,  ..., -1.0000, -1.0000, -1.0000],
         [ 0.0075,  0.0969,  0.1938,  ..., -1.0000, -1.0000, -1.0000],
         ...,
         [ 0.0075,  0.0969,  0.1938,  ..., -1.0000, -1.0000, -1.0000],
         [ 0.0075,  0.0969,  0.1938,  ..., -1.0000, -1.0000, -1.0000],
         [ 0.0075,  0.0969,  0.1938,  ..., -1.0000, -1.0000, -1.0000]],

        [[ 0.1210, -0.0026,  0.0654,  ..., -1.0000, -1.0000, -1.0000],
         [ 0.1226, -0.0024,  0.0656,  ..., -1.0000, -1.0000, -1.0000],
         [ 0.1226,  0.0067,  0.0645,  ..., -1.0000, -1.0000, -1.0000],
         ...,
         [ 0.1215,  0.0040, -0.7698,  ..., -1.0000, -1.0000, -1.0000],
         [ 0.1215, -0.0442, -0.9125,  ..., -1.0000, -1.0000, -1.0000],
         [ 0.1215, -0.1261, -1.0070,  ..., -1.0000, -1.0000, -1.0000]],

        [[-0.0404, -0.0026,  0.0654,  ..., -1.0000, -1.0000, -1.0000],
         [-0.0404, -0.0026,  0.0654,  ..., -1.0000, -1.0000, -1.0000],
         [-0.0404, -0.0026,  0.0654,  ..., -1.0000, -1.0000, -1.0000],
         ...,
         [-0.0404, -0.0026,  0.0654,  ..., -1.0000, -1.0000, -1.0000],
         [-0.0404, -0.0026,  0.0654,  ..., -1.0000, -1.0000, -1.0000],
         [-0.0404, -0.0026,  0.0654,  ..., -1.0000, -1.0000, -1.0000]],

        ...,

        [[ 0.0075,  0.1914,  0.1938,  ..., -1.0000, -1.0000, -1.0000],
         [ 0.0075,  0.2406,  0.1938,  ..., -1.0000, -1.0000, -1.0000],
         [ 0.0075,  0.3068,  0.1938,  ..., -1.0000, -1.0000, -1.0000],
         ...,
         [-0.0213,  0.5486,  0.1938,  ..., -1.0000, -1.0000, -1.0000],
         [-0.0582,  0.5845,  0.1938,  ..., -1.0000, -1.0000, -1.0000],
         [-0.1005,  0.6317,  0.1938,  ..., -1.0000, -1.0000, -1.0000]],

        [[ 0.0075,  0.0969,  0.1938,  ..., -1.0000, -1.0000, -1.0000],
         [ 0.0075,  0.0969,  0.1938,  ..., -1.0000, -1.0000, -1.0000],
         [ 0.0075,  0.0969,  0.1938,  ..., -1.0000, -1.0000, -1.0000],
         ...,
         [ 0.0075,  0.0969,  0.1938,  ..., -1.0000, -1.0000, -1.0000],
         [ 0.0075,  0.0969,  0.1938,  ..., -1.0000, -1.0000, -1.0000],
         [ 0.0075,  0.0969,  0.1938,  ..., -1.0000, -1.0000, -1.0000]],

        [[-0.0863, -0.0026,  0.0654,  ..., -1.0000, -1.0000, -1.0000],
         [-0.1108, -0.0021,  0.0654,  ..., -1.0000, -1.0000, -1.0000],
         [-0.1220, -0.0023,  0.0656,  ..., -1.0000, -1.0000, -1.0000],
         ...,
         [-0.1183, -0.0026,  0.0660,  ..., -1.0000, -1.0000, -1.0000],
         [-0.1155, -0.0025,  0.0660,  ..., -1.0000, -1.0000, -1.0000],
         [-0.1110, -0.0021,  0.0660,  ..., -1.0000, -1.0000, -1.0000]]],
       device='cuda:6')
actions: torch.Size([256, 10, 32])
actions: torch.Size([256, 10, 32])
actions: tensor([[[-0.0404, -0.0026,  0.0654,  ..., -1.0000, -1.0000, -1.0000],
         [-0.0404, -0.0026,  0.0654,  ..., -1.0000, -1.0000, -1.0000],
         [-0.0404, -0.0027,  0.0654,  ..., -1.0000, -1.0000, -1.0000],
         ...,
         [-0.0404, -0.0031,  0.0660,  ..., -1.0000, -1.0000, -1.0000],
         [-0.0404, -0.0031,  0.0659,  ..., -1.0000, -1.0000, -1.0000],
         [-0.0404, -0.0031,  0.0660,  ..., -1.0000, -1.0000, -1.0000]],

        [[ 0.0075,  0.0969,  0.1938,  ..., -1.0000, -1.0000, -1.0000],
         [ 0.0075,  0.0969,  0.1938,  ..., -1.0000, -1.0000, -1.0000],
         [ 0.0075,  0.0969,  0.1938,  ..., -1.0000, -1.0000, -1.0000],
         ...,
         [ 0.0075,  0.0969,  0.1938,  ..., -1.0000, -1.0000, -1.0000],
         [ 0.0075,  0.0969,  0.1938,  ..., -1.0000, -1.0000, -1.0000],
         [ 0.0075,  0.0969,  0.1938,  ..., -1.0000, -1.0000, -1.0000]],

        [[-0.0538,  0.0200,  0.0718,  ..., -1.0000, -1.0000, -1.0000],
         [-0.0708,  0.0468,  0.0814,  ..., -1.0000, -1.0000, -1.0000],
         [-0.0944,  0.0742,  0.0976,  ..., -1.0000, -1.0000, -1.0000],
         ...,
         [-0.1588,  0.1176,  0.1063,  ..., -1.0000, -1.0000, -1.0000],
         [-0.1588,  0.1225,  0.1063,  ..., -1.0000, -1.0000, -1.0000],
         [-0.1588,  0.1292,  0.1063,  ..., -1.0000, -1.0000, -1.0000]],

        ...,

        [[-0.0394, -0.0026,  0.0654,  ..., -1.0000, -1.0000, -1.0000],
         [-0.0397, -0.0026,  0.0654,  ..., -1.0000, -1.0000, -1.0000],
         [-0.0394, -0.0026,  0.0654,  ..., -1.0000, -1.0000, -1.0000],
         ...,
         [-0.0615, -0.0026,  0.0654,  ..., -1.0000, -1.0000, -1.0000],
         [-0.0698, -0.0026,  0.0654,  ..., -1.0000, -1.0000, -1.0000],
         [-0.0695, -0.0026,  0.0654,  ..., -1.0000, -1.0000, -1.0000]],

        [[-0.0404, -0.0026,  0.0654,  ..., -1.0000, -1.0000, -1.0000],
         [-0.0404, -0.0026,  0.0654,  ..., -1.0000, -1.0000, -1.0000],
         [-0.0404, -0.0026,  0.0654,  ..., -1.0000, -1.0000, -1.0000],
         ...,
         [-0.0404, -0.0026,  0.0654,  ..., -1.0000, -1.0000, -1.0000],
         [-0.0404, -0.0026,  0.0654,  ..., -1.0000, -1.0000, -1.0000],
         [-0.0394, -0.0026,  0.0654,  ..., -1.0000, -1.0000, -1.0000]],

        [[-0.0404, -0.0026,  0.0654,  ..., -1.0000, -1.0000, -1.0000],
         [-0.0404, -0.0026,  0.0654,  ..., -1.0000, -1.0000, -1.0000],
         [-0.0404, -0.0026,  0.0654,  ..., -1.0000, -1.0000, -1.0000],
         ...,
         [-0.0404, -0.0026,  0.0654,  ..., -1.0000, -1.0000, -1.0000],
         [-0.0404, -0.0026,  0.0654,  ..., -1.0000, -1.0000, -1.0000],
         [-0.0404, -0.0026,  0.0654,  ..., -1.0000, -1.0000, -1.0000]]],
       device='cuda:4')
actions: torch.Size([256, 10, 32])
actions: torch.Size([256, 10, 32])
actions: tensor([[[ 0.0075,  0.0969,  0.1938,  ..., -1.0000, -1.0000, -1.0000],
         [ 0.0075,  0.0969,  0.1938,  ..., -1.0000, -1.0000, -1.0000],
         [ 0.0075,  0.0969,  0.1938,  ..., -1.0000, -1.0000, -1.0000],
         ...,
         [ 0.0066,  0.0969,  0.1943,  ..., -1.0000, -1.0000, -1.0000],
         [ 0.0066,  0.0969,  0.1943,  ..., -1.0000, -1.0000, -1.0000],
         [ 0.0066,  0.0969,  0.1943,  ..., -1.0000, -1.0000, -1.0000]],

        [[-0.0404,  0.0146,  0.0654,  ..., -1.0000, -1.0000, -1.0000],
         [-0.0404,  0.0208,  0.0654,  ..., -1.0000, -1.0000, -1.0000],
         [-0.0404,  0.0264,  0.0654,  ..., -1.0000, -1.0000, -1.0000],
         ...,
         [-0.0404,  0.0632,  0.0654,  ..., -1.0000, -1.0000, -1.0000],
         [-0.0404,  0.0712,  0.0654,  ..., -1.0000, -1.0000, -1.0000],
         [-0.0404,  0.0806,  0.0654,  ..., -1.0000, -1.0000, -1.0000]],

        [[-0.0404, -0.0026,  0.0654,  ..., -1.0000, -1.0000, -1.0000],
         [-0.0404, -0.0026,  0.0654,  ..., -1.0000, -1.0000, -1.0000],
         [-0.0404, -0.0026,  0.0654,  ..., -1.0000, -1.0000, -1.0000],
         ...,
         [-0.0394, -0.0016,  0.0648,  ..., -1.0000, -1.0000, -1.0000],
         [-0.0394, -0.0016,  0.0654,  ..., -1.0000, -1.0000, -1.0000],
         [-0.0394, -0.0016,  0.0654,  ..., -1.0000, -1.0000, -1.0000]],

        ...,

        [[-0.0735,  0.2111,  0.2725,  ..., -1.0000, -1.0000, -1.0000],
         [-0.1365,  0.3348,  0.3559,  ..., -1.0000, -1.0000, -1.0000],
         [-0.1805,  0.4490,  0.4193,  ..., -1.0000, -1.0000, -1.0000],
         ...,
         [-0.3569,  0.9457,  0.4832,  ..., -1.0000, -1.0000, -1.0000],
         [-0.3668,  0.9957,  0.4832,  ..., -1.0000, -1.0000, -1.0000],
         [-0.3704,  1.0288,  0.4832,  ..., -1.0000, -1.0000, -1.0000]],

        [[-0.0404, -0.0057,  0.0654,  ..., -1.0000, -1.0000, -1.0000],
         [-0.0404, -0.0173,  0.0658,  ..., -1.0000, -1.0000, -1.0000],
         [-0.0394, -0.0443,  0.0654,  ..., -1.0000, -1.0000, -1.0000],
         ...,
         [-0.0513, -0.3227,  0.0660,  ..., -1.0000, -1.0000, -1.0000],
         [-0.0805, -0.4003,  0.0659,  ..., -1.0000, -1.0000, -1.0000],
         [-0.1266, -0.4996,  0.0654,  ..., -1.0000, -1.0000, -1.0000]],

        [[-0.0312,  0.1512,  0.1938,  ..., -1.0000, -1.0000, -1.0000],
         [-0.0807,  0.2280,  0.1938,  ..., -1.0000, -1.0000, -1.0000],
         [-0.1248,  0.2843,  0.1938,  ..., -1.0000, -1.0000, -1.0000],
         ...,
         [-0.2903,  0.4218,  0.1943,  ..., -1.0000, -1.0000, -1.0000],
         [-0.2804,  0.4202,  0.2166,  ..., -1.0000, -1.0000, -1.0000],
         [-0.2570,  0.4202,  0.2571,  ..., -1.0000, -1.0000, -1.0000]]],
       device='cuda:7')
actions: torch.Size([256, 10, 32])
